1384
44 4772
46 5400
73 5824
97 5956
156 4455
161 4270
198 3827
253 5485
254 3481
281 4697
314 6270
318 6439
348 4985
348 6242
349 6395
362 4779
376 6444
388 3163
392 3692
404 5496
422 3724
424 5766
448 5501
466 3547
485 5945
496 3619
512 4565
517 7177
528 5122
536 6606
537 4727
555 4911
555 5828
558 3829
573 3877
586 7313
599 6475
608 3586
609 6140
640 5697
649 2900
651 7135
658 5823
674 2750
674 3517
697 7538
700 5946
750 5236
757 7382
768 2778
776 2832
794 6233
801 5570
805 6123
821 3374
827 4928
857 3950
888 4000
895 3347
934 6725
937 6205
940 2427
963 4915
964 2127
964 7611
978 4662
979 6099
985 5482
989 3273
994 5834
999 6296
1036 5699
1057 4558
1066 1951
1066 4462
1092 5065
1096 7138
1102 3720
1111 6661
1128 7583
1137 7979
1144 3277
1155 2679
1160 6631
1163 5726
1185 7406
1188 7186
1188 7458
1192 3554
1216 5806
1231 4764
1243 6172
1248 2170
1270 7511
1272 7815
1275 1904
1285 7450
1309 7324
1328 4469
1342 2001
1350 5737
1357 5366
1360 7706
1369 2379
1372 4526
1385 7411
1393 7277
1394 2938
1398 1866
1400 3413
1406 2546
1407 7738
1420 2274
1425 7863
1436 4551
1442 4674
1448 5522
1449 4813
1455 4828
1459 4323
1461 7249
1465 3772
1467 7872
1495 8041
1508 2181
1508 8136
1514 2243
1542 5408
1553 4397
1559 6294
1563 3212
1563 7291
1572 2031
1595 2232
1599 8467
1601 7760
1608 1910
1611 3437
1625 3232
1641 4544
1646 4360
1652 2179
1653 7352
1663 5882
1682 5388
1685 5415
1700 5221
1702 1518
1754 5909
1755 5974
1769 7183
1774 3709
1777 8219
1781 3246
1783 6345
1790 8665
1793 8817
1799 2400
1799 4400
1806 8579
1809 2461
1809 8000
1818 3488
1824 6012
1826 7559
1835 1787
1837 8758
1840 4989
1862 8530
1866 5952
1870 5942
1873 1999
1874 1482
1876 8311
1883 3970
1885 2293
1893 3996
1896 1817
1900 8381
1907 1363
1909 5754
1926 8479
1930 1537
1939 3067
1953 1637
1955 6129
1962 3909
1964 2493
1970 6104
1979 5659
1983 3384
1984 7916
1989 4845
1989 8457
1996 5931
1999 1558
2005 3456
2008 5287
2032 3662
2040 3619
2060 7354
2063 2071
2073 8598
2079 4290
2094 1346
2113 2206
2117 5756
2136 9079
2139 5544
2145 1855
2149 4800
2166 6842
2167 5753
2187 4411
2201 871
2202 8324
2203 7580
2204 4099
2213 7547
2220 8042
2221 5760
2240 4368
2246 7681
2250 8608
2253 6520
2265 2387
2271 1815
2273 9067
2283 7063
2284 7043
2293 4152
2300 3369
2304 4722
2316 7040
2323 6887
2323 7911
2324 2596
2325 8169
2347 8404
2378 3465
2387 3754
2403 2581
2403 3644
2415 2146
2418 3411
2422 7568
2426 3506
2427 2479
2432 2178
2435 7730
2440 3606
2444 3010
2449 5273
2453 2766
2458 4641
2462 4171
2470 6398
2471 1359
2484 7677
2487 8446
2500 7941
2510 7357
2512 3180
2522 2014
2530 2352
2534 5175
2535 4101
2547 6723
2552 2631
2562 4131
2566 4667
2573 1463
2576 6123
2578 7921
2583 1086
2587 674
2589 1956
2590 6557
2600 7214
2605 678
2610 7065
2617 4821
2618 6250
2620 3557
2630 7606
2634 6999
2653 6415
2656 3446
2658 2890
2668 5976
2679 1630
2685 6862
2711 3978
2712 2643
2728 2206
2730 8049
2731 4933
2737 2783
2743 4022
2760 1458
2764 4189
2764 5806
2772 6051
2778 5596
2810 8077
2813 8392
2819 3876
2823 2433
2829 9348
2831 1026
2838 9077
2853 5100
2855 6134
2858 725
2865 4582
2872 968
2875 4469
2880 1354
2892 4908
2894 7977
2899 1863
2904 2572
2917 2279
2921 8613
2922 5197
2928 8478
2934 958
2938 2988
2939 6211
2939 9152
2944 5037
2952 768
2955 5805
2961 525
2962 2037
2969 7167
2981 2164
2993 2967
2999 4950
3005 3130
3026 3355
3027 2977
3028 2647
3028 7508
3039 1708
3041 8374
3057 5457
3065 8072
3071 4844
3077 8751
3078 6013
3081 4973
3086 8549
3096 7185
3114 743
3125 6740
3136 7077
3143 5603
3148 1708
3149 1347
3170 9316
3173 8374
3182 6377
3191 4110
3193 3549
3200 8941
3225 4078
3235 7585
3236 488
3243 7501
3244 790
3258 5936
3262 3433
3262 4667
3270 6121
3271 5877
3276 9228
3283 2358
3284 5201
3285 9190
3286 8699
3305 2312
3316 8990
3320 435
3320 9655
3328 1039
3333 3674
3353 3508
3355 1866
3357 1112
3357 4874
3363 1962
3365 5327
3365 6600
3366 4433
3368 8519
3371 4297
3378 1998
3384 3033
3392 3366
3427 2135
3427 2272
3441 8688
3450 3658
3452 7341
3466 1194
3466 8319
3468 7673
3471 5721
3472 8743
3492 500
3510 1095
3510 2334
3514 9510
3529 7672
3529 9426
3537 3087
3539 3441
3550 8609
3562 392
3564 333
3566 4778
3567 5406
3571 1929
3575 2849
3579 7935
3581 2320
3584 6545
3590 4138
3601 8600
3603 2732
3615 432
3619 2263
3628 2722
3629 2320
3638 7577
3650 4626
3653 4595
3653 4908
3658 2291
3663 7301
3678 3160
3691 3459
3694 975
3695 4288
3726 6035
3731 3485
3739 2228
3745 268
3760 566
3767 1676
3772 2046
3777 3102
3781 4518
3782 2152
3789 515
3789 1776
3795 4237
3800 9716
3802 4316
3804 573
3804 8703
3809 2005
3825 2202
3828 9681
3830 5544
3833 5387
3836 2404
3839 6159
3842 3654
3845 6368
3850 3385
3857 8275
3860 7884
3864 2625
3871 8778
3887 8856
3896 1638
3896 1876
3907 5477
3912 2192
3920 6562
3922 7262
3923 8868
3929 9812
3934 4594
3934 8944
3944 9227
3952 5145
3955 9114
3961 1564
3964 2236
3973 9598
3979 772
3983 9030
3985 6026
3987 3939
3990 9355
3998 7171
4002 8346
4017 5658
4019 2176
4021 2481
4023 1037
4027 8173
4071 4091
4073 3347
4079 1864
4092 1669
4095 5179
4096 2984
4102 4839
4116 9733
4127 9002
4131 5314
4132 3714
4132 7712
4135 9319
4136 4876
4138 5891
4142 6806
4160 1153
4163 6613
4175 5497
4180 7807
4181 4301
4207 4146
4207 4404
4209 6123
4212 6378
4214 9267
4215 5470
4221 2457
4222 7959
4225 6940
4228 6982
4229 9552
4236 1904
4237 6391
4252 4393
4266 790
4272 6655
4273 1840
4279 6271
4295 3173
4297 7813
4298 5503
4300 5959
4312 9267
4313 4596
4336 4295
4337 8192
4342 4432
4359 1660
4360 1183
4364 917
4366 4221
4367 8121
4368 607
4371 1466
4373 6857
4374 3798
4375 2635
4381 1702
4386 5193
4395 253
4395 1637
4409 988
4415 1018
4424 2487
4432 675
4440 4519
4440 9240
4442 9089
4445 3035
4445 8337
4449 543
4449 5992
4449 8916
4453 458
4471 4117
4475 4562
4475 4723
4476 2155
4484 2694
4484 7488
4487 797
4491 2338
4515 1405
4515 9860
4520 7477
4521 5443
4547 1034
4548 2300
4549 5481
4550 6529
4551 9453
4554 1212
4559 7373
4561 4807
4569 5635
4571 6603
4577 1104
4577 8879
4580 6082
4584 9486
4597 8333
4598 3569
4601 8381
4605 6490
4607 6802
4615 7714
4615 9268
4616 8638
4618 2469
4623 7237
4624 2539
4630 3334
4637 9411
4640 2425
4642 1590
4647 2659
4668 9445
4673 858
4675 4074
4677 1402
4688 3136
4688 4448
4690 7866
4699 1162
4701 2341
4701 3803
4709 9399
4711 4695
4717 1025
4725 5224
4729 9549
4737 9694
4739 1788
4746 7110
4748 8454
4752 7848
4753 4656
4766 3638
4791 5761
4793 1409
4800 418
4812 3449
4812 9004
4815 5162
4818 2888
4822 6031
4828 7386
4831 6176
4831 7523
4845 172
4847 8471
4852 7129
4854 2669
4860 7848
4863 5724
4866 3128
4867 1539
4883 5623
4884 4099
4891 4129
4898 5272
4910 7148
4914 2061
4914 4307
4927 7192
4940 1763
4941 4987
4944 5915
4945 4802
4984 8022
4987 9475
4989 6350
4990 5897
5000 5079
5011 8209
5013 6650
5013 8386
5014 8965
5023 8791
5030 7383
5031 6353
5044 496
5044 6553
5045 4871
5049 2475
5053 9812
5056 4310
5064 5043
5069 2433
5070 3794
5079 102
5084 610
5088 96
5088 9015
5094 8175
5095 4843
5106 9397
5106 9511
5107 1386
5110 5983
5110 6701
5114 884
5120 1306
5121 3582
5121 4700
5132 5780
5136 8064
5146 5367
5148 7685
5154 7003
5160 73
5169 6825
5172 8255
5173 5394
5175 7732
5178 5213
5189 8122
5198 1612
5201 6590
5202 7722
5204 3519
5217 5184
5224 1884
5232 6632
5236 5515
5242 8603
5248 5754
5248 6466
5249 9630
5251 4549
5253 1281
5286 6785
5297 5376
5306 6927
5308 6048
5310 4347
5316 5069
5320 121
5330 8679
5333 1497
5342 7204
5343 3344
5350 7893
5350 9634
5352 8554
5365 9219
5378 3205
5381 3649
5384 9693
5394 7058
5397 6948
5398 9698
5399 9008
5404 539
5416 4634
5418 3785
5429 2996
5437 9373
5456 4543
5460 66
5488 2383
5488 3622
5505 3350
5505 7639
5510 5306
5512 394
5515 7402
5520 4454
5531 9598
5534 1731
5535 8362
5541 7096
5542 2243
5543 8218
5544 6506
5545 8110
5557 6020
5557 6287
5560 7512
5574 3569
5576 897
5582 4864
5599 9319
5604 2410
5609 6284
5617 9920
5625 1879
5626 2429
5634 4714
5644 714
5647 1441
5648 4477
5649 7707
5651 176
5662 429
5664 3648
5664 5723
5665 1280
5678 9195
5680 7296
5702 3659
5703 6107
5706 4165
5712 8367
5714 9655
5722 1486
5727 4115
5729 9354
5738 4860
5745 4182
5751 5078
5755 364
5755 9531
5758 4941
5764 9720
5765 5755
5769 4640
5774 1549
5777 351
5784 7293
5787 2175
5791 1493
5792 8529
5800 5110
5804 7486
5811 9135
5820 7726
5825 3846
5833 2111
5841 528
5844 210
5861 5357
5864 671
5864 5721
5871 3790
5875 2814
5879 1084
5879 6575
5881 8773
5885 7173
5888 2693
5890 1847
5890 3886
5890 9305
5894 828
5895 8871
5899 2826
5901 2407
5903 6699
5905 7733
5906 1858
5909 2599
5912 9420
5935 3352
5937 3114
5945 570
5951 6519
5951 7707
5956 7239
5966 5991
5980 4328
6001 5323
6007 6166
6012 9475
6024 1833
6030 7938
6041 1911
6041 4818
6041 7819
6048 8788
6051 2935
6052 755
6053 5705
6056 1203
6066 6733
6072 8908
6083 6327
6086 3318
6088 3648
6091 3828
6104 8989
6109 4629
6116 6590
6117 2603
6131 4417
6136 7198
6137 568
6154 8192
6156 1143
6159 1714
6168 4798
6177 743
6180 2745
6182 8373
6183 1581
6184 8359
6196 1815
6204 8875
6228 9395
6231 5455
6240 785
6252 2912
6258 546
6264 1347
6265 453
6276 7599
6281 3477
6289 424
6291 572
6301 1739
6301 9205
6317 6432
6324 612
6337 3487
6342 9763
6347 6671
6350 3896
6353 6550
6363 4780
6365 2097
6375 7456
6378 9071
6386 3825
6390 7224
6390 8100
6401 743
6410 5350
6422 1576
6426 8505
6429 1803
6433 2978
6447 5773
6449 1911
6455 5462
6463 3470
6469 5740
6470 2606
6475 6245
6479 3475
6481 8255
6482 1613
6489 8395
6489 9196
6489 9693
6512 6347
6514 5658
6518 581
6525 2510
6534 9418
6536 9390
6544 532
6569 1179
6572 7512
6576 1007
6583 2960
6588 3814
6602 4835
6606 2110
6607 7275
6624 2089
6624 9508
6627 3740
6631 8351
6646 7812
6669 5001
6687 7689
6690 5378
6692 6769
6699 4918
6700 3869
6701 3636
6707 754
6712 2167
6712 3146
6716 4100
6718 6995
6719 6000
6726 345
6731 2815
6742 8934
6743 9025
6745 1412
6746 1134
6746 6499
6762 3830
6766 4210
6772 8867
6776 834
6780 7251
6782 3965
6799 3237
6805 5973
6822 4624
6828 3799
6829 566
6834 5683
6837 3709
6839 4004
6840 6337
6862 2034
6878 3796
6881 7339
6892 4294
6905 5161
6906 3464
6909 9620
6927 1667
6930 6919
6930 9586
6938 1472
6939 6135
6941 9213
6955 5111
6959 5330
6959 5504
6960 6095
6975 6479
6978 2653
6979 8640
6980 4217
6993 2322
6993 2706
6998 9507
7002 6890
7008 8465
7008 9127
7010 7817
7013 8292
7017 2588
7028 3016
7031 4835
7052 7556
7054 1086
7058 6101
7059 2811
7061 6292
7073 6591
7074 9433
7083 9266
7089 963
7092 5788
7097 835
7106 2812
7119 2551
7150 8900
7154 8319
7160 6652
7162 9090
7177 3560
7186 3332
7187 7858
7195 4917
7198 6963
7200 5914
7213 5582
7217 3417
7220 7504
7223 597
7226 8339
7232 4185
7242 2509
7242 7537
7245 3050
7257 977
7257 3569
7261 2067
7264 2741
7264 5904
7280 2540
7283 6723
7285 6080
7295 6682
7295 9221
7297 6027
7298 7795
7314 2703
7314 4771
7320 1996
7323 5529
7326 859
7331 5200
7333 1345
7337 1815
7341 1227
7349 2249
7375 6414
7404 6899
7411 8475
7419 4550
7425 1882
7425 6630
7427 3235
7428 1007
7433 6457
7450 9015
7464 7402
7474 4997
7475 5315
7476 7266
7485 6697
7493 5337
7494 8600
7502 8076
7503 2240
7507 3162
7522 4743
7523 1449
7527 8222
7532 1724
7534 2039
7559 3408
7569 1072
7575 8056
7576 4397
7585 6789
7591 4414
7593 2328
7608 4827
7622 4574
7640 6289
7644 7547
7647 6838
7661 1202
7666 3889
7669 3834
7675 9118
7676 9161
7677 4766
7692 8112
7695 5750
7699 5449
7702 3736
7707 2505
7715 3403
7716 4520
7735 3710
7758 1343
7771 8968
7773 8953
7777 928
7777 7743
7778 938
7781 8160
7791 6727
7792 5342
7795 7307
7804 7264
7807 4456
7807 8291
7808 3391
7808 5043
7808 7723
7810 9078
7811 6230
7812 7669
7825 4253
7828 6017
7837 4279
7840 2124
7840 8663
7855 5920
7861 4635
7865 3065
7878 7273
7880 1987
7886 4673
7887 5732
7898 6341
7906 5017
7910 1113
7911 6054
7934 3058
7937 7136
7942 2688
7955 1746
7957 1006
7959 7138
7961 5237
7967 4631
7977 1122
7993 8549
7994 7012
7997 6651
8020 7058
8021 1896
8045 4181
8066 8366
8067 8627
8072 3320
8074 8751
8076 5141
8076 5455
8096 6634
8100 4308
8107 4618
8120 4889
8122 7370
8132 3953
8151 5824
8174 7514
8181 4224
8191 2714
8192 5532
8195 2580
8196 8711
8203 6017
8203 6638
8207 2271
8217 3915
8225 8476
8227 4823
8248 5189
8249 1476
8251 6013
8267 7974
8280 8488
8283 5222
8289 6541
8290 6995
8294 5848
8303 6126
8315 2963
8324 5251
8326 1796
8334 1830
8352 4488
8378 3012
8393 3335
8393 7393
8403 2658
8425 5987
8433 8485
8444 8418
8447 1801
8448 2590
8448 3876
8450 3725
8456 3507
8470 6869
8471 2289
8471 6438
8490 7188
8498 5225
8502 8149
8504 2610
8519 1964
8520 3900
8520 6525
8554 2577
8557 8352
8558 2135
8565 1995
8569 2301
8570 2656
8573 1922
8575 7022
8577 7073
8601 6808
8625 7954
8641 3523
8643 7953
8663 6593
8667 3149
8676 7262
8679 5702
8680 2112
8689 5655
8696 3750
8697 2157
8709 7275
8714 4752
8744 6974
8750 2274
8752 3852
8754 6997
8802 2894
8803 2961
8828 7423
8876 6549
8882 3816
8884 4356
8887 4066
8898 3542
8909 3160
8909 6154
8925 4413
8925 6432
8939 3998
8950 6447
8961 5348
8969 6696
8974 7011
8993 2475
8996 2905
9011 6734
9017 6318
9029 4379
9032 4427
9040 6833
9042 3175
9043 7523
9051 3337
9056 4839
9060 3294
9061 4095
9091 6933
9109 2363
9109 5082
9116 6151
9119 5903
9122 5571
9124 6368
9128 2848
9133 7166
9173 2264
9198 4235
9202 4324
9203 6640
9217 4804
9233 6101
9236 6830
9255 5353
9257 4250
9258 2512
9274 7006
9277 7540
9297 5623
9302 6549
9326 2730
9337 5063
9341 6063
9353 5401
9358 6531
9401 3500
9419 4532
9420 3088
9429 2757
9435 3897
9439 4929
9506 6055
9527 3848
9535 3199
9574 3154
9574 3947
9578 4115
9584 3649
9610 6659
9614 4731
9629 4790
9633 4953
9635 3457
9637 6824
9643 6202
9645 4298
9653 4401
9655 6301
9672 4658
9691 3978
9702 6188
9717 6385
9734 4646
9751 5158
9756 6326
9762 4715
9769 5699
9769 5920
9770 5241
9785 4768
9787 5627
9795 5012
9807 5357
9821 6214
9858 5457
9867 4381
9871 5277
9910 4489
9932 5127
9935 5350
