2833
0 3284
1 368
3 5060
5 3565
10 9583
11 7886
19 6660
30 74
35 8146
39 1197
46 5770
52 6203
54 5602
61 1669
63 6440
72 8267
73 616
73 7063
79 8953
89 7482
90 416
98 8561
101 625
104 1872
113 6252
114 1413
122 4187
137 9444
138 6272
139 2689
141 1579
147 4537
154 4456
166 7925
172 3645
181 453
194 5867
196 950
196 6515
201 6182
203 1551
204 5559
209 6861
216 7419
216 8390
217 894
218 7228
224 1838
225 7245
231 4818
231 6225
240 4615
241 9303
245 1866
246 9113
247 6755
250 5927
256 2450
263 2083
265 3528
269 4075
275 3294
277 2805
287 6433
287 8483
289 8761
290 6481
301 2674
306 1684
309 3063
311 5462
311 9018
321 4361
322 3529
322 5201
326 5770
326 8359
334 1350
337 7871
340 3910
341 1656
342 5310
362 2937
363 8682
367 4142
367 6376
369 4341
371 1294
376 2086
386 754
389 2837
394 53
398 8894
405 9289
407 7535
416 3963
424 5828
426 2700
432 6742
447 4566
451 6884
453 4009
454 2645
456 3234
460 2814
470 786
470 5279
472 3557
476 5301
480 1961
481 7376
485 9651
486 5848
487 7885
487 9718
489 7185
495 9114
495 9215
507 4710
510 6031
511 5492
512 4725
521 7225
528 210
532 7600
540 2759
551 5018
551 9214
565 7458
570 2285
572 6113
580 8044
581 5482
582 4586
601 4828
607 8744
610 9395
612 6607
618 236
620 9239
626 8591
628 7904
630 3651
631 3579
632 751
632 3122
632 8339
634 7146
642 6696
642 9095
644 6216
645 3640
655 7571
659 8419
661 4230
663 9070
667 3086
670 7332
678 3293
682 6127
685 3549
685 4863
691 4515
691 7411
703 656
703 4618
704 1650
706 7478
712 5217
713 6404
715 6225
715 10000
717 1192
718 2233
718 5139
719 6449
727 464
735 6947
738 6097
738 6585
739 8794
740 9111
742 8763
743 3474
751 705
756 9394
758 1174
760 4673
763 1664
763 7928
763 9747
772 8275
776 7350
788 4845
788 5248
788 9189
788 9357
792 967
803 7184
804 4974
806 7775
809 302
809 5095
813 9720
815 4941
815 9435
817 904
830 6630
832 8836
833 7251
833 8206
837 9907
841 1182
841 2069
841 2164
841 4285
843 6371
846 3657
847 9916
854 4149
855 100
855 3729
866 6891
870 9725
876 803
876 5469
878 3756
884 8685
887 5833
892 4378
899 3778
905 1052
909 1270
913 6074
914 689
916 3671
919 5453
928 675
928 9322
929 988
932 5086
936 480
936 1048
936 6844
946 1530
950 3445
951 299
953 524
956 5604
957 3018
960 6357
961 7951
965 8826
967 9881
970 3983
975 1214
977 7310
989 9300
990 2178
990 7351
993 6544
995 1798
998 3274
998 9723
1000 8760
1002 1309
1003 763
1008 5002
1011 11
1012 4970
1013 2852
1013 6969
1015 1877
1015 9892
1017 5377
1025 9550
1029 193
1032 4452
1032 6724
1033 4806
1033 8893
1034 7184
1042 3726
1049 3541
1051 8635
1053 3628
1054 8190
1055 3703
1055 7140
1058 3284
1062 2842
1071 2172
1071 5773
1076 2785
1077 8312
1079 1169
1089 8450
1094 7225
1098 129
1099 220
1100 783
1103 5395
1104 6040
1116 88
1116 5926
1118 7581
1119 3860
1119 4098
1119 9088
1121 9560
1122 2089
1123 6534
1125 3128
1127 189
1137 2034
1137 7515
1138 7580
1142 7828
1143 4552
1150 7005
1156 2565
1160 8355
1169 4931
1171 6048
1185 1079
1187 450
1192 4486
1199 8499
1201 6192
1207 6010
1208 7190
1214 2273
1214 8488
1216 7185
1222 2803
1223 5260
1224 8968
1228 8370
1233 2747
1239 86
1243 5176
1244 319
1254 2338
1260 6038
1263 7205
1270 9586
1271 9433
1274 3530
1274 9223
1275 3812
1279 373
1281 7234
1287 2462
1291 7954
1292 5873
1297 7079
1301 5898
1305 517
1307 9472
1309 1122
1309 9860
1311 6886
1311 7312
1318 2882
1319 6315
1321 688
1327 1705
1332 2828
1337 6673
1343 3818
1355 6818
1359 5057
1362 4291
1362 9709
1367 9652
1369 6071
1384 3627
1387 5344
1387 6131
1393 6082
1404 3929
1414 1945
1416 4298
1421 889
1422 2099
1422 7540
1424 9953
1427 8990
1428 4925
1428 6300
1430 3932
1433 4238
1441 8796
1444 3168
1445 5428
1448 5312
1465 9801
1467 6128
1472 1474
1474 2802
1487 426
1488 5873
1491 8114
1493 4846
1493 4983
1496 2472
1501 3848
1504 3210
1504 3465
1506 4236
1507 2693
1507 3362
1509 9024
1514 4923
1518 4255
1521 3270
1523 8424
1527 5433
1530 918
1530 5783
1533 7827
1544 403
1548 821
1550 8460
1553 3793
1555 3576
1558 7219
1561 1918
1563 3233
1565 478
1565 2212
1569 9852
1572 1177
1573 4737
1581 9060
1582 6708
1588 2048
1591 9365
1593 9507
1595 3929
1597 1289
1598 7469
1601 6891
1604 8023
1605 3993
1608 5112
1610 7090
1621 1694
1621 6986
1622 2145
1623 9504
1625 8610
1628 1672
1629 6632
1639 4180
1641 1752
1644 5881
1644 9270
1649 982
1653 4660
1661 1495
1661 9038
1663 8873
1665 2119
1668 5890
1671 5485
1674 9367
1677 933
1682 2442
1684 5353
1688 4125
1695 1809
1697 7087
1700 8526
1702 664
1703 7186
1707 9158
1711 2105
1719 6075
1729 4229
1739 1148
1739 2147
1742 5862
1742 8939
1744 8762
1746 4849
1750 7206
1751 4543
1751 9285
1753 7522
1754 6451
1762 3360
1766 2685
1774 6938
1786 2482
1790 5175
1797 4651
1801 7551
1802 3195
1805 9794
1810 316
1815 525
1816 9365
1817 7660
1818 4174
1826 4568
1835 8951
1838 1026
1841 4551
1842 6157
1843 3865
1843 8552
1844 1528
1846 7690
1847 7412
1848 1106
1853 5286
1857 2397
1860 5222
1865 6563
1872 3330
1876 3417
1877 3495
1882 4788
1885 6342
1890 3168
1890 4137
1890 8032
1892 2440
1900 1662
1903 3917
1905 3016
1905 8614
1912 4460
1919 7883
1923 2897
1925 6481
1931 7166
1935 2876
1936 6001
1945 4858
1949 8246
1954 4624
1957 9621
1958 8827
1959 497
1963 5312
1968 5132
1968 6188
1970 5596
1971 9560
1981 3254
1983 6355
1990 1363
1990 2317
1993 5951
1999 5291
2005 5953
2010 9265
2014 8741
2017 4780
2022 9773
2027 580
2028 2304
2029 7814
2032 4609
2046 8920
2056 477
2057 2799
2059 2593
2064 8173
2071 7179
2076 6700
2077 8110
2082 5202
2093 656
2094 4557
2103 7591
2103 9767
2104 1576
2109 623
2115 498
2116 882
2118 2178
2119 6961
2131 2108
2132 4834
2136 4913
2138 2540
2140 316
2142 3579
2144 9769
2145 1055
2146 1922
2147 1132
2147 9746
2150 8098
2150 8562
2151 4125
2153 1223
2157 4496
2157 7949
2165 2942
2166 7192
2169 2062
2175 891
2178 135
2184 257
2184 8867
2184 9663
2185 5908
2185 7833
2195 4717
2196 2065
2198 3882
2208 1826
2211 8403
2218 4369
2219 2762
2221 3602
2223 4583
2228 449
2233 5047
2234 3942
2238 947
2245 9649
2248 7741
2253 7849
2258 1144
2258 8092
2263 7210
2271 6542
2289 1099
2298 8064
2299 6464
2300 6010
2303 8206
2304 3179
2305 8908
2312 2480
2315 1089
2315 6323
2324 2768
2330 4684
2331 6740
2332 2008
2334 3790
2347 2479
2350 530
2352 3308
2358 4011
2360 1351
2362 2971
2364 8905
2366 598
2369 477
2378 5845
2378 7476
2415 5798
2419 6550
2419 8699
2426 6611
2429 4930
2429 6987
2435 54
2438 1422
2438 1713
2438 2164
2442 8839
2444 6898
2450 7615
2452 2359
2454 4817
2455 5272
2458 5274
2468 7349
2469 3461
2470 9847
2476 7935
2484 6481
2485 8297
2487 5286
2498 6595
2516 9665
2518 3015
2520 9302
2526 3545
2527 1916
2528 5151
2533 3542
2534 1437
2534 1794
2540 3435
2542 1501
2544 5801
2544 8504
2545 7209
2547 2174
2548 758
2554 293
2555 5628
2559 6248
2563 6972
2565 5436
2569 5909
2570 35
2575 2538
2578 4169
2585 2309
2589 2858
2589 5336
2589 7302
2597 8109
2607 3411
2609 1435
2611 116
2613 2592
2613 2998
2619 806
2619 1460
2625 5936
2630 6384
2640 1225
2648 8261
2650 5574
2658 1260
2660 5604
2669 5356
2670 7770
2674 9180
2675 234
2678 315
2682 9542
2691 2490
2696 9870
2700 2044
2701 1034
2706 6928
2708 9803
2714 8807
2721 5497
2722 6582
2724 7271
2726 684
2734 2636
2736 3182
2748 1535
2749 2302
2750 6587
2756 6525
2756 8562
2768 1410
2772 4108
2774 654
2774 3364
2779 8457
2780 7781
2784 1314
2787 6996
2790 318
2791 5769
2802 2793
2812 6261
2813 5229
2819 7296
2820 3281
2824 360
2824 5428
2829 9794
2830 3801
2832 3878
2835 6337
2841 3404
2847 1313
2849 2411
2849 5738
2854 4217
2858 3509
2867 7756
2870 6408
2873 4643
2884 2231
2884 2636
2884 6620
2889 8265
2892 3847
2895 6477
2898 1959
2898 3178
2899 1872
2901 5271
2902 7382
2919 6979
2934 1888
2935 1101
2936 1922
2936 1955
2937 7120
2943 1719
2943 6981
2948 5972
2948 6764
2949 8426
2951 6221
2951 8129
2954 3872
2956 3165
2957 4029
2965 708
2966 667
2969 7562
2984 3718
2986 9696
2987 7581
2988 7634
2989 2244
2991 2090
2992 4589
2993 8548
2995 2297
2996 6657
3003 7581
3005 2508
3006 6910
3009 3247
3009 7533
3015 1183
3017 8021
3020 9786
3030 6992
3034 2691
3035 1054
3035 7092
3040 8604
3041 9620
3042 5754
3045 5288
3047 3951
3050 1762
3050 6623
3052 1769
3058 4777
3058 6662
3066 8175
3067 8823
3070 10
3073 1266
3073 7165
3084 1037
3091 2410
3094 280
3096 204
3099 1326
3101 8062
3104 310
3109 839
3109 5388
3114 6051
3120 365
3120 2812
3120 6069
3120 9607
3122 5932
3123 9331
3131 1294
3131 2543
3143 5229
3145 2500
3154 5489
3155 2855
3158 2222
3162 4567
3163 5320
3166 2475
3166 9919
3167 8146
3168 559
3177 806
3189 2072
3191 676
3191 5319
3191 7306
3198 1472
3198 3984
3203 7396
3205 328
3205 8835
3207 1916
3210 4496
3211 2615
3211 3160
3220 8531
3223 695
3226 876
3229 2915
3232 6453
3232 9939
3233 4665
3234 757
3236 351
3238 9382
3240 399
3240 3535
3243 107
3246 7624
3249 5138
3256 845
3278 4654
3287 4028
3297 7917
3305 6872
3307 4327
3307 6082
3309 117
3309 4389
3314 9695
3322 5474
3324 5543
3328 8831
3337 126
3339 9665
3345 1786
3353 3006
3355 2764
3365 1649
3365 2698
3370 5962
3373 8679
3373 9788
3381 1800
3382 891
3382 2296
3382 8262
3383 7215
3386 6696
3388 2236
3390 1526
3390 8807
3391 3238
3392 2665
3393 6965
3394 8810
3398 4532
3400 2109
3402 7058
3408 6653
3409 5761
3410 1651
3430 9583
3431 5599
3439 8555
3442 8482
3449 2713
3449 2963
3451 3037
3451 9679
3452 9775
3453 9681
3454 8897
3455 6371
3465 3854
3465 5252
3469 125
3469 8498
3477 7167
3480 879
3481 1773
3483 4244
3491 2004
3492 6431
3496 7787
3496 7828
3497 393
3497 7334
3499 3090
3499 4843
3503 2465
3512 9356
3513 6887
3519 1748
3525 6214
3526 9001
3527 8401
3533 2393
3535 360
3535 4773
3536 229
3542 7958
3547 5780
3547 8035
3553 3277
3555 380
3564 1294
3570 1026
3571 6981
3577 4332
3578 8757
3581 3293
3597 2465
3601 5214
3613 9929
3615 4916
3624 2723
3626 4520
3628 5939
3637 3749
3642 8475
3645 3360
3646 2262
3648 6016
3649 5210
3659 3296
3663 1142
3685 5439
3690 6796
3691 5689
3692 1573
3692 6574
3693 5979
3701 2951
3708 6518
3711 2294
3713 7486
3716 2784
3719 392
3725 3440
3725 5110
3727 783
3737 7309
3745 3692
3748 9107
3751 4005
3752 1768
3754 8829
3778 7199
3780 412
3783 9311
3784 9989
3787 9814
3790 3375
3798 1864
3800 8128
3805 9031
3814 1704
3816 2760
3818 6308
3819 3240
3819 9296
3819 9686
3829 373
3835 4263
3835 6866
3836 7113
3845 7910
3854 4919
3859 6399
3865 5166
3868 3302
3868 5634
3869 2337
3871 6993
3874 5624
3875 3324
3877 9873
3879 6282
3883 4037
3892 7528
3897 3122
3901 8417
3907 7802
3911 2538
3912 8773
3915 4146
3917 225
3919 5467
3925 2389
3925 3224
3926 9234
3927 5579
3934 2156
3935 3790
3945 178
3947 5944
3957 4648
3960 289
3962 3910
3964 3050
3965 4258
3968 8482
3973 3846
3974 2441
3975 670
3983 4663
3985 8459
3987 1658
3991 2338
3993 4333
3995 4852
4000 4104
4001 1054
4001 4273
4008 3020
4008 3595
4011 3553
4014 2432
4015 1355
4016 3039
4018 2271
4024 6623
4025 5109
4027 6789
4028 673
4028 1682
4030 1237
4031 2111
4032 7234
4033 8292
4038 8425
4040 4724
4041 6446
4044 6211
4045 9139
4046 389
4048 7877
4055 3494
4063 7336
4065 4509
4065 6834
4071 701
4074 5631
4074 6641
4079 3518
4087 7023
4089 4645
4089 7280
4090 1196
4092 3995
4094 5083
4099 8815
4100 2753
4105 2273
4108 2095
4115 6596
4122 7194
4133 249
4134 9150
4142 7433
4148 8157
4155 2422
4155 4148
4169 4227
4177 127
4182 2631
4183 8630
4185 594
4185 990
4191 8360
4192 6844
4196 232
4199 5927
4200 555
4200 8600
4216 9673
4217 3561
4221 7960
4224 8078
4229 195
4232 992
4232 9792
4236 5344
4239 9802
4244 3940
4247 9812
4251 6200
4252 6456
4255 8876
4257 7321
4262 7575
4264 2743
4265 9621
4270 3768
4271 684
4275 6237
4281 6280
4286 1240
4290 5611
4295 381
4300 8164
4301 6340
4301 8667
4303 1985
4304 7931
4305 2895
4308 304
4308 8492
4311 5133
4312 9251
4313 6846
4314 3633
4319 4041
4319 6985
4340 1702
4341 4497
4342 8537
4345 2557
4345 3437
4346 3878
4363 854
4368 4131
4370 2244
4373 4732
4373 9473
4374 3448
4375 3096
4382 6610
4387 3321
4389 646
4389 6668
4395 1479
4398 3162
4399 8225
4400 353
4404 8257
4409 7497
4411 6673
4416 5423
4418 2826
4421 9898
4431 284
4434 176
4438 54
4438 9537
4439 9751
4440 3061
4446 5936
4449 5524
4453 8619
4462 1668
4468 6973
4468 9078
4477 3807
4482 7758
4484 6128
4490 54
4494 9022
4494 9491
4503 9122
4510 1392
4515 3099
4519 6706
4531 7490
4535 306
4535 5771
4536 2852
4542 7026
4543 2066
4548 1815
4553 515
4556 727
4556 999
4560 5408
4562 4479
4567 6370
4572 2049
4572 7700
4574 9325
4575 5161
4576 3
4583 3588
4587 6540
4592 9159
4594 2625
4594 8110
4602 6590
4615 1195
4617 999
4621 3868
4623 1464
4626 106
4626 9128
4626 9613
4631 4835
4636 8924
4640 2448
4646 3938
4648 446
4651 4886
4653 6365
4657 2363
4661 9782
4666 8795
4669 6286
4672 9098
4673 4972
4673 9268
4679 8950
4681 2220
4682 1703
4690 6686
4697 8978
4698 7810
4705 8064
4705 8951
4706 48
4716 2737
4717 9542
4721 6645
4722 9335
4726 1530
4730 9363
4732 8601
4734 3142
4736 580
4750 7404
4756 1851
4759 4151
4762 2479
4770 4985
4772 2355
4774 7285
4774 8874
4777 3662
4790 400
4797 620
4800 5173
4816 1638
4823 1979
4825 7907
4829 1881
4831 6405
4836 8441
4839 248
4851 9068
4852 7548
4856 8378
4859 3623
4861 5762
4866 3986
4868 5441
4869 7304
4870 5128
4872 4861
4873 957
4874 9052
4881 7889
4882 5474
4885 3474
4920 8048
4922 1780
4924 7636
4927 6676
4929 7263
4936 6472
4937 84
4940 1953
4940 8246
4943 5312
4946 3224
4951 9737
4954 5724
4955 5817
4958 6932
4960 8545
4961 4286
4964 6990
4965 1631
4965 3306
4975 3498
4975 9524
4980 7315
4984 2963
4984 4508
4990 9296
4992 9329
4996 898
4999 5541
5001 2428
5002 8874
5010 5915
5015 56
5022 2610
5022 9851
5035 1664
5042 70
5046 3948
5050 4284
5061 433
5062 2592
5069 4463
5070 3233
5073 5863
5081 9224
5083 3549
5086 6550
5086 6704
5089 5987
5094 9616
5096 6704
5100 4796
5102 7931
5105 4699
5106 934
5120 5383
5125 6117
5125 9714
5126 1114
5128 7448
5130 3974
5133 6937
5137 3195
5161 603
5171 6056
5172 4524
5172 8385
5173 16
5175 5939
5178 9823
5182 7912
5194 4556
5195 2543
5199 2127
5200 4664
5206 4271
5206 6344
5206 9722
5207 4230
5212 877
5213 9864
5221 5985
5229 1677
5233 6485
5236 9026
5239 1472
5242 6209
5251 122
5251 2984
5251 8277
5260 8380
5268 2737
5268 7173
5271 1726
5274 3316
5281 493
5283 3983
5285 2270
5287 2269
5288 4656
5291 4840
5299 8773
5301 3843
5305 1875
5307 8428
5308 7276
5310 8720
5318 2713
5318 4121
5324 2856
5326 5646
5327 9005
5328 5191
5331 1062
5338 7993
5344 8087
5346 3291
5351 4054
5357 7748
5357 8055
5358 6733
5361 7267
5364 6534
5366 1254
5369 3611
5372 5153
5377 8760
5378 6811
5378 9328
5384 5376
5389 2524
5391 5844
5408 1753
5410 2370
5410 8403
5417 33
5420 6677
5423 4098
5424 9199
5435 3809
5436 9665
5451 5497
5460 2483
5460 4000
5462 3985
5472 4436
5473 6696
5480 3979
5481 1011
5481 1866
5482 2157
5485 8325
5488 1637
5489 9675
5491 5997
5493 2986
5497 1598
5498 4240
5504 9469
5512 3023
5520 656
5525 7112
5530 2308
5536 7983
5538 2905
5541 10
5542 2520
5542 4009
5552 2544
5555 748
5558 3992
5560 3290
5561 9348
5562 703
5562 7378
5564 1464
5570 230
5575 2264
5579 1116
5579 2135
5580 284
5580 4893
5583 899
5583 1808
5588 4040
5591 1
5592 2698
5593 4705
5594 9483
5606 5675
5610 8839
5622 6696
5640 3494
5640 4332
5640 6091
5641 322
5645 523
5652 9933
5653 6869
5656 5642
5657 7595
5660 4069
5662 5582
5665 1689
5666 2129
5674 8286
5683 2639
5687 5605
5692 9523
5694 5211
5694 9953
5701 6811
5710 1847
5716 872
5716 7256
5720 780
5727 4647
5730 6699
5730 9152
5731 2320
5732 643
5733 9613
5736 7947
5741 9366
5742 4695
5743 3243
5752 2629
5753 1971
5756 1090
5756 4977
5757 2427
5758 2040
5760 2264
5762 670
5762 7369
5763 4460
5766 5365
5766 7097
5776 1903
5778 4116
5787 3521
5787 5896
5790 2905
5800 5068
5802 2457
5805 8571
5808 2953
5813 8223
5815 9502
5817 9019
5819 8219
5822 2266
5827 4952
5829 2817
5829 3514
5832 7020
5835 6129
5838 4444
5839 1655
5851 2001
5854 1328
5862 8357
5865 9519
5869 9156
5873 5369
5878 5972
5878 7670
5879 1815
5880 2660
5881 3777
5886 8642
5887 1248
5887 5958
5887 7271
5888 8047
5896 2267
5897 5862
5898 1493
5902 2937
5902 7963
5904 6125
5906 320
5908 3457
5911 1471
5918 9498
5919 317
5919 5920
5921 4748
5923 4515
5926 6340
5932 3530
5933 5750
5934 141
5935 4662
5937 7391
5939 6561
5942 4186
5946 525
5955 5849
5959 4053
5967 4254
5967 9389
5968 2059
5970 8819
5975 4287
5977 9299
5980 9400
5981 111
5982 3446
5982 9982
5984 5504
5985 2855
5987 9528
5989 321
5989 7548
5992 6052
5993 7268
5994 4829
5996 4874
6000 928
6005 2462
6015 1597
6017 3092
6026 2998
6027 9678
6031 1160
6044 367
6050 1902
6053 4166
6055 206
6057 9528
6064 8953
6065 1616
6066 369
6069 1913
6069 2087
6070 8655
6073 4401
6074 3345
6074 5429
6074 8667
6078 6144
6089 3226
6091 7041
6093 2014
6093 7331
6094 239
6103 2838
6105 2734
6108 7027
6109 1584
6114 7922
6115 9814
6116 1614
6116 8065
6122 3500
6125 5120
6127 5872
6132 6911
6139 6928
6142 8058
6144 7454
6145 6287
6146 7594
6148 2172
6150 3640
6151 6503
6153 1952
6154 9641
6158 2701
6158 4613
6161 9292
6170 9132
6177 3558
6179 142
6187 9551
6193 6697
6198 1392
6200 505
6203 4651
6208 2886
6209 1856
6222 401
6223 1086
6230 4770
6233 2406
6244 3777
6245 3184
6245 9480
6251 4109
6263 1104
6264 4762
6267 7241
6273 4300
6279 1942
6287 727
6304 9347
6305 8366
6312 4721
6316 917
6324 7824
6325 2076
6326 9432
6328 7352
6331 8495
6335 7230
6337 2237
6337 6031
6340 9062
6344 2259
6345 3032
6350 7835
6360 1875
6362 6204
6364 3277
6370 8061
6371 5200
6376 7801
6380 7094
6380 8081
6381 774
6382 2615
6382 3239
6390 174
6390 628
6390 4275
6391 99
6393 4859
6395 2334
6396 1468
6398 9366
6399 670
6399 4228
6406 5566
6408 7186
6411 3111
6411 6535
6424 8193
6431 602
6441 7741
6442 4512
6442 7039
6444 3592
6446 3011
6449 3744
6452 1002
6455 8557
6461 6038
6464 5690
6469 7040
6470 9382
6477 3133
6483 6128
6484 6201
6491 2929
6491 8230
6493 7804
6494 4908
6499 9300
6501 7278
6504 5116
6504 9365
6507 5059
6530 1964
6530 8383
6532 5455
6543 5532
6547 2589
6550 8385
6554 9904
6561 5325
6563 389
6563 7773
6566 166
6575 9749
6578 3498
6578 3721
6582 7095
6582 9639
6591 2752
6595 8350
6601 8049
6604 1073
6608 4610
6618 3970
6630 4663
6633 4964
6641 2843
6645 6612
6652 903
6654 2818
6660 7479
6663 3785
6663 5471
6667 4993
6671 4634
6674 2704
6679 4828
6681 6900
6691 8706
6692 829
6693 6012
6693 7076
6695 4875
6697 593
6698 3057
6701 3061
6702 4444
6703 1861
6704 4147
6706 4880
6706 4918
6707 3324
6708 282
6715 8064
6717 107
6718 8795
6718 8848
6719 1289
6720 3162
6722 2678
6728 9165
6729 3524
6729 4614
6729 6653
6730 9442
6733 9742
6738 2485
6741 2065
6742 991
6747 1381
6747 1746
6748 693
6749 1462
6750 9610
6751 3080
6756 6904
6760 8837
6771 278
6772 8169
6775 4060
6776 4779
6783 1577
6789 6299
6792 9317
6793 4099
6798 8335
6807 132
6812 4859
6820 9603
6827 1619
6827 1899
6832 4143
6839 3010
6843 8634
6845 7987
6846 5557
6848 1963
6848 9067
6857 3990
6861 7484
6861 8038
6863 9935
6868 9702
6870 3281
6872 5546
6877 2418
6890 5263
6891 7846
6892 2694
6896 8342
6902 4586
6913 7697
6919 2923
6923 727
6928 744
6939 9257
6964 3693
6967 3677
6970 3201
6975 468
6979 8230
6980 1669
6981 4827
6990 1967
6991 3303
6991 4751
6993 6042
6993 7798
6995 837
6995 8055
6997 3402
7001 8846
7008 6795
7013 977
7013 1892
7015 803
7016 2567
7016 8451
7016 8894
7022 9506
7026 408
7029 1046
7037 3809
7041 8850
7045 5463
7050 8533
7052 5833
7052 7438
7054 3869
7057 9369
7070 6189
7075 7842
7076 7326
7078 342
7081 8242
7085 7825
7088 4615
7095 79
7106 7931
7110 806
7121 6670
7124 5199
7125 6166
7126 2379
7128 6531
7133 114
7133 2343
7140 2045
7140 5048
7142 6230
7149 1239
7154 8641
7157 2329
7159 4450
7159 6550
7161 3425
7161 6136
7167 4742
7169 6485
7192 5927
7193 2849
7205 6243
7211 4492
7217 7204
7221 9830
7224 1300
7224 2425
7227 5070
7228 9791
7233 4874
7235 6555
7236 807
7243 8051
7249 932
7250 1
7258 2927
7259 3204
7265 6197
7265 7690
7268 4247
7269 6250
7269 9340
7272 6218
7274 6522
7278 4912
7280 3596
7286 3253
7289 9292
7304 574
7305 3443
7309 1611
7320 5953
7320 6125
7327 2472
7332 4434
7333 9827
7334 3750
7335 2962
7337 453
7344 5472
7346 5509
7348 6655
7352 2758
7353 8301
7354 1319
7356 824
7365 5023
7367 7778
7368 3924
7369 700
7371 8211
7379 6695
7385 318
7387 5202
7390 7816
7390 9572
7391 3312
7392 5475
7393 2674
7397 9193
7401 4689
7410 1810
7410 5024
7416 6901
7425 4035
7429 6143
7434 5979
7436 9216
7438 9121
7440 3510
7445 4901
7447 3964
7450 5970
7451 9129
7454 7540
7465 6780
7468 5026
7468 7642
7469 3149
7472 2415
7478 6057
7484 814
7491 9034
7492 9309
7493 4747
7494 7466
7502 4598
7505 1016
7507 1117
7517 6088
7518 5623
7520 2662
7522 1158
7525 6054
7528 9842
7532 7403
7537 7065
7544 7406
7545 2009
7548 9666
7549 1431
7549 2228
7557 8126
7564 4654
7566 1731
7566 2110
7568 3056
7575 766
7584 5080
7584 9814
7588 5582
7590 2452
7590 4023
7597 7735
7599 3590
7601 1176
7608 7954
7609 2528
7609 7383
7610 2624
7611 6878
7611 8564
7618 4930
7619 6176
7626 1299
7626 2152
7628 3564
7631 3888
7633 4019
7636 2561
7638 796
7640 2124
7643 7374
7651 3751
7652 797
7658 2333
7661 2025
7665 4453
7665 8746
7668 9525
7674 1331
7678 9406
7685 7144
7686 8373
7686 9135
7687 3000
7688 9119
7689 3497
7690 7300
7691 5077
7694 1034
7695 7303
7698 5289
7699 4206
7700 6279
7701 9878
7704 4967
7714 7890
7717 6909
7722 2020
7724 608
7728 6935
7732 1464
7733 7689
7737 3780
7737 3961
7745 4128
7746 3041
7746 5257
7751 2330
7752 7373
7753 181
7753 7024
7753 8450
7759 1419
7760 9596
7761 4377
7764 3408
7766 2711
7772 1550
7774 1460
7774 9762
7777 8728
7779 8929
7781 3553
7784 9621
7787 3979
7791 3610
7793 4883
7796 4647
7804 7589
7805 7486
7809 228
7810 4942
7818 1334
7823 9075
7825 1356
7825 8259
7826 1511
7829 8342
7830 4748
7831 2783
7831 5733
7838 8460
7842 4968
7847 5359
7853 708
7858 9107
7861 8373
7862 9594
7869 3754
7870 4213
7870 8246
7875 5228
7880 3735
7886 5123
7886 5157
7889 5738
7891 8662
7894 8783
7895 8365
7896 3691
7898 5636
7901 7528
7905 2089
7907 9670
7916 6177
7921 5443
7922 984
7926 3957
7927 9374
7929 5230
7931 3043
7938 1160
7940 9752
7955 4824
7965 2757
7968 5259
7969 8913
7970 8676
7972 5248
7982 1715
7983 4434
7984 5273
7995 4101
7997 7498
7998 1293
7999 1247
8001 9428
8004 5162
8007 9944
8015 2549
8017 2365
8017 5418
8024 9431
8025 1755
8026 1413
8036 9995
8039 3051
8040 3915
8042 1467
8043 3806
8046 1872
8046 6697
8053 3843
8054 2383
8054 9740
8055 6226
8057 5145
8061 5610
8062 5105
8062 9387
8064 9536
8067 8931
8071 3518
8077 7618
8092 8670
8103 7279
8104 15
8105 8488
8112 5384
8120 2003
8120 5481
8120 6501
8122 112
8122 1781
8135 4019
8136 5066
8137 1045
8143 612
8144 8987
8151 9097
8158 9377
8160 7117
8164 6596
8165 415
8165 7966
8169 59
8172 4602
8172 5958
8178 2925
8185 8134
8187 9932
8190 152
8190 1893
8194 7551
8195 5594
8196 347
8201 2096
8204 6111
8205 4243
8206 7315
8207 8273
8211 6139
8214 7852
8216 5068
8217 2644
8221 6489
8225 7970
8236 201
8243 8630
8246 5281
8247 5434
8249 4849
8253 32
8253 9890
8255 8737
8259 4815
8260 9959
8262 995
8263 9934
8265 4924
8272 7905
8273 6904
8277 4416
8279 3147
8283 9152
8285 4445
8290 6327
8291 9885
8293 3293
8299 8514
8300 1173
8304 6526
8304 9861
8307 2840
8328 3175
8329 1317
8333 1552
8336 3749
8341 9444
8345 609
8346 3608
8347 5831
8350 198
8354 9569
8356 6187
8367 4334
8368 4899
8369 7635
8370 1073
8378 985
8378 7425
8380 5427
8381 5000
8384 2254
8389 9225
8397 5832
8398 3894
8403 2092
8409 1475
8411 3610
8413 3927
8415 2828
8417 4687
8423 6438
8427 9345
8429 4135
8429 5717
8431 602
8436 6450
8437 1644
8441 9383
8448 3895
8458 3227
8461 5306
8472 1267
8476 4546
8477 8105
8478 3782
8488 227
8492 4737
8496 3553
8501 9751
8515 2990
8518 8054
8519 9494
8521 7201
8521 8868
8523 9860
8530 5020
8531 6855
8536 8437
8537 3698
8538 3978
8539 2566
8541 4624
8549 6779
8553 3141
8554 7584
8558 4689
8559 8582
8565 5441
8576 2985
8576 5757
8585 4508
8586 3108
8588 126
8589 5818
8591 5578
8591 8351
8592 6462
8596 8361
8596 9104
8597 8976
8600 8813
8607 3961
8611 3054
8611 4936
8615 4716
8615 6022
8625 1416
8633 3596
8635 5095
8638 1791
8642 2018
8649 1933
8649 3735
8656 9160
8658 7800
8662 450
8664 8462
8666 2508
8667 7461
8668 3681
8670 5467
8672 1379
8672 8413
8681 2673
8681 7027
8682 4276
8683 9367
8684 600
8685 5760
8688 4644
8691 8057
8698 8182
8702 8894
8703 5535
8704 4896
8705 4729
8706 7418
8707 4025
8710 659
8713 4760
8715 2125
8716 7883
8717 9952
8719 5208
8725 1634
8726 7767
8728 191
8733 2460
8738 3732
8743 7261
8745 7559
8753 5993
8753 6865
8754 4264
8761 5445
8772 5765
8778 2502
8780 4273
8787 1952
8789 4684
8790 3697
8794 1862
8795 9278
8796 8382
8802 2588
8807 1767
8808 1316
8808 8740
8810 7217
8811 2837
8811 5211
8815 1760
8819 372
8820 601
8824 1468
8827 2873
8828 9212
8829 370
8829 2591
8831 9445
8832 215
8833 7075
8844 7825
8847 4260
8848 7971
8852 5218
8859 7850
8861 6393
8866 1229
8866 7288
8870 3850
8881 5089
8882 8964
8885 1173
8890 3817
8890 8769
8896 1383
8897 8710
8898 9947
8899 8367
8904 8081
8906 5117
8907 5555
8912 2228
8917 9582
8927 225
8927 9950
8929 2889
8934 3197
8934 7102
8936 5003
8936 7431
8939 603
8941 7277
8943 833
8946 1611
8947 4436
8950 8152
8960 8550
8967 786
8975 8275
8979 7525
8980 6214
8983 2293
8986 3478
8988 7827
8990 6098
8995 3298
8998 6323
9003 1011
9005 5907
9011 1974
9013 8951
9016 3482
9016 4480
9017 2240
9019 62
9023 3939
9036 662
9042 8424
9047 237
9048 3514
9049 9654
9050 4675
9060 585
9062 6610
9069 5640
9072 7369
9077 6705
9083 7265
9090 850
9091 264
9095 4523
9096 6880
9099 8805
9102 4959
9105 5372
9107 8017
9113 4533
9115 5249
9116 1603
9121 561
9122 3582
9123 3953
9129 5294
9137 2317
9145 9178
9151 5633
9153 4329
9154 8007
9155 1972
9155 8836
9159 7013
9164 1849
9168 1943
9169 1116
9177 8258
9179 8040
9180 9428
9186 1446
9186 8857
9187 519
9191 7841
9196 7561
9200 6520
9208 4296
9211 7571
9215 7276
9222 4115
9223 296
9224 1256
9224 5636
9226 5105
9227 6714
9234 6078
9235 2822
9235 4278
9237 7358
9246 2090
9246 3385
9248 4256
9250 5585
9250 9961
9253 7053
9256 9100
9264 9042
9268 8515
9268 8992
9274 325
9274 2722
9288 9789
9304 4807
9304 9647
9308 178
9314 6609
9316 4094
9323 1652
9324 8444
9329 5839
9330 2374
9331 8396
9339 4549
9351 7807
9356 2589
9357 4306
9360 2760
9367 5530
9369 8154
9370 384
9370 8744
9375 2901
9376 7873
9377 8815
9382 8205
9383 6749
9387 8988
9389 8738
9389 9511
9396 8096
9401 7218
9402 7793
9406 1338
9407 4270
9411 8880
9412 9681
9413 6734
9415 5398
9417 8493
9418 5063
9420 1829
9420 4067
9421 8591
9423 2399
9440 869
9441 6165
9444 4041
9447 3829
9449 5781
9451 8948
9458 3757
9459 1431
9460 199
9462 9536
9467 6169
9469 9790
9470 1971
9473 4377
9474 7337
9480 3599
9485 9032
9487 6495
9491 6035
9496 3488
9501 3025
9503 1154
9504 3461
9508 6400
9511 750
9513 1766
9516 5879
9517 4887
9519 3509
9529 2701
9536 766
9539 5183
9541 3838
9544 6755
9545 1384
9553 976
9557 33
9565 996
9566 6896
9568 592
9570 5687
9574 2649
9574 4285
9574 9580
9575 1245
9577 6239
9577 6305
9581 9026
9583 4862
9583 9149
9585 4656
9588 7234
9590 5551
9591 715
9597 1040
9599 3005
9602 2888
9605 2099
9605 2669
9605 8860
9607 1910
9608 2499
9608 7658
9611 1650
9623 931
9626 1523
9630 3478
9631 2676
9642 8949
9663 8469
9665 4313
9667 7990
9672 8979
9685 9014
9688 9811
9691 3992
9695 8964
9700 5767
9710 6511
9715 1182
9726 398
9732 5730
9733 7537
9733 8559
9736 3570
9736 7943
9739 202
9740 1222
9741 6351
9744 1061
9749 114
9749 5586
9750 3777
9751 7198
9752 8105
9758 1854
9764 3527
9770 1288
9774 6928
9782 1236
9785 4609
9788 6692
9794 7200
9795 9839
9797 4150
9799 6325
9803 3049
9807 7153
9809 5354
9820 760
9823 3206
9823 4031
9824 1240
9826 3763
9826 6047
9833 8469
9837 2817
9841 6413
9844 6207
9845 2803
9846 273
9847 6338
9851 94
9859 8279
9861 9083
9862 2164
9864 1298
9866 5562
9872 6013
9877 8325
9885 2103
9886 8662
9887 7946
9901 314
9903 2168
9904 4919
9906 2608
9910 2024
9911 7152
9911 8875
9911 9239
9912 4505
9915 9561
9922 7562
9925 9202
9927 1233
9930 5995
9936 9941
9941 2110
9943 4555
9946 4439
9958 8771
9959 5368
9966 6267
9967 674
9968 5575
9971 6205
9973 8349
9973 9293
9980 7609
9981 6301
9982 1455
9983 9328
9987 9579
9992 6523
9996 6093
9997 1237
